-0.011700522154569626
0.029760178178548813
-0.06820616126060486
-0.14806388318538666
-0.038708481937646866
-0.09758241474628448
-0.0523512177169323
-0.040994103997945786
0.01571950875222683
-0.04692260921001434
0.023836614564061165
-0.02552882209420204
-0.012477429583668709
0.0008127257460728288
0.031899187713861465
0.02466069720685482
0.08039655536413193
0.009715327993035316
-0.006208538077771664
0.042644500732421875
-0.00809513870626688
0.016909858211874962
0.007029203698039055
0.034591205418109894
-0.006152221001684666
0.028275689110159874
-0.005821185652166605
0.05245139077305794
0.007435931358486414
-0.006437462288886309
-0.000172805244801566
-0.0005272508133202791
-0.002596996258944273
