0.03133361414074898
-0.03337565436959267
-0.01963563822209835
0.10063266009092331
-0.010463375598192215
-0.041269026696681976
0.03987673670053482
0.008047901093959808
0.019099606201052666
0.024073557928204536
-0.0445733442902565
0.027330996468663216
-0.08062604069709778
-0.03602951392531395
-0.025404013693332672
-0.004749108571559191
0.006332479417324066
-0.06175188720226288
0.019103575497865677
-0.007767457515001297
-0.022244583815336227
-0.02275574579834938
-0.0012702344683930278
-0.0348268523812294
-0.02001221664249897
-0.06461791694164276
-0.04152754321694374
0.002155020833015442
0.006176300812512636
0.0032834766898304224
-0.0002688909007702023
-0.0014563960721716285
-0.0014778788900002837
