0.003852901980280876
0.0015354682691395283
0.04337725415825844
-0.00885988399386406
0.04822665825486183
0.12084619700908661
0.035609688609838486
0.004890806041657925
-0.0276915542781353
0.029497401788830757
0.04712853208184242
-0.04767513647675514
0.10538353025913239
0.02392021007835865
0.06485670804977417
-0.05703423172235489
-0.12395922094583511
0.06899754703044891
-0.07751475274562836
-0.046547066420316696
0.058190636336803436
-0.018043287098407745
-0.05772218853235245
0.026986824348568916
0.008030925877392292
0.046382464468479156
0.03414611145853996
-0.044115565717220306
-0.044891536235809326
-0.0026992515195161104
-0.00036843589623458683
0.0010268266778439283
0.006571699865162373
